Update: 2026-04-21T10:11:41.675482 - Random ID: 0.609464978741718
Update: 2026-04-21T10:11:41.683942 - Random ID: 0.32134296793595585
Update: 2026-04-21T10:11:41.691483 - Random ID: 0.35009253080665015
